0000000000000000
1100100000000000
1100100000000000
1100100000000000
1100100000000000
1100100000000000
1100100000000000
1100100000000000
1100100000000000
1100100000000000
1100100000000000
1100100000000000
1100100000000000
1100100000000000
1100100000000000
1100100000000000
1100100000000000
1000000000010011
0000000100101100
1000000000010001
0000000100101101
1000000000010010
1000000001000001
1000000010000011
0100000011011011
0000000100101110
1000000000010001
0010000000011101
0000000100101110
1000000000010010
1000000000001010
1000000001000001
1000000010000011
0100000100100011
0000000100101111
1000000000010001
0010000000100110
0000000100101111
1000000000010010
1000000000001010
1000000001000001
1000000010000011
0100000101101011
0000000100110000
1000000000010001
0010000000101111
0000000100110000
1000000000010010
1000000000001010
1000000001000001
1000000010000011
0100000110110011
0000000100110001
1000000000010001
0010000000111000
0000000100110001
1000000000010010
1000000000001010
1000000001000001
1000000010000011
0100000111111111
0000000100110010
1000000000010001
0010000001000001
0000000100110010
1000000000010010
1000000000001010
1000000001000001
1000000010000011
0100001001000011
0000000100110011
1000000000010001
0010000001001010
0000000100110011
1000000000010010
1000000000001010
1000000001000001
1000000010000011
0100001010001011
0000000100110100
1000000000010001
0010000001010011
0000000100110100
1000000000010010
1000000000001010
1000000001000001
1000000010000011
0100001011010011
0000000100110101
1000000000010001
0010000001011100
0000000100110101
1000000000010010
1000000000001010
1000000001000001
1000000010000011
0100001100011011
0000000100110110
1000000000010001
0010000001100101
0000000100110110
1000000000010010
1000000000001010
1000000001000001
1000000010000011
0100001101100011
0000000100110111
1000000000010001
0010000001101110
0000000100110111
1000000000010010
1000000000001010
1000000001000001
1000000010000011
0100001110101011
0000000100111000
1000000000010001
0010000001110111
0000000100111000
1000000000010010
1000000000001010
1000000001000001
1000000010000011
0100001111110011
0000000100111001
1000000000010001
0010000010000000
0000000100111001
1000000000010010
1000000000001010
1000000001000001
1000000010000011
0100010000111011
0000000100111001
1000000000010001
0010000010001001
0000000100111010
1000000000010010
1000000000001010
1000000001000001
1000000010000011
0100010010000011
0000000100111011
1000000000010001
0010000010010010
0000000100111011
1000000000010010
1000000000001010
1000000001000001
1000000010000011
0100010011001011
0000000100111110
1000000000010001
0010000010011011
0000000100111110
1000000000010010
1000000000001010
1000000001000001
1000000010000011
0100010100010011
0000000100111111
1000000000010001
0010000010100100
0000000100111111
1000000000010010
1000000000001010
1000000001000001
1000000010000011
0100010101011011
0000000101000000
1000000000010001
0010000010101101
0000000101000000
1000000000010010
1000000000001010
1000000001000001
1000000010000011
0100010110100011
0000000101000001
1000000000010001
0010000010110110
0000000101000001
1000000000010010
1000000000001010
1000000001000001
1000000010000011
0100010111101011
0000000101000010
1000000000010001
0010000010111111
0000000101000010
1000000000010010
1000000000001010
1000000001000001
1000000010000011
0100011000110011
0000000101000011
1000000000010001
0010000011001000
0000000101000011
1000000000010010
1000000000001010
1000000001000001
1000000010000011
0100011001111011
0000000101000100
1000000000010001
0010000011010001
0000000101000100
1000000000010010
0100011010101010
1000000000001010
1000000000010100
0010000011010111
1000000000001001
1000000000010100
1000000000001100
0001000110010010
0000000000000000
0000000000000000
0000000000000000
0000000000000000
0000000000000000
0000000000000000
0000000000000000
0000000000000000
0000000000000000
0000000000000000
0000000000000000
0000000000000000
0000000000000000
0000000000000000
0000000000000000
0000000000000000
0000000000000000
0000000000000000
0000000000000000
0000000000000000
0000000000000000
0000000000000000
0000000000000000
0000000000000000
0000000000000000
0000000000000000
0000000000000000
0000000000000000
0000000000000000
0000000000000000
0000000000000000
0000000000000000
0000000000000000
0000000000000000
0000000000000000
0000000000000000
0000000000000000
0000000000000000
0000000000000000
0000000000000000
0000000000000000
0000000000000000
0000000000000000
0000000000000000
0000000000000000
0000000000000000
0000000000000000
0000000000000000
0000000000000000
0000000000000000
0000000000000000
0000000000000000
0000000000000000
0000000000000000
0000000000000000
0000000000000000
0000000000000000
0000000000000000
0000000000000000
0000000000000000
0000000000000000
0000000000000000
0000000000000000
0000000000000000
0000000000000000
0000000000000000
0000000000000000
0000000000000000
0000000000000000
0000000000000000
0000000000000000
0000000000000000
0000000000000000
0000000000000000
0000000000000000
0000000000000000
0000000000000000
0000000000000000
0000000000000000
0000000000000000
0000000000000000
0000000000000000
0000100010101001
0000001010100010
0000000000011100
0000000111100000
0000000001001000
0000000100111000
0000010101110000
0011111000101000
0000001110101000
0100101010101000
0001010010100000
0010101010101000
0111001110101010
0000000101001100
0000100110110000
0000000100000101
0000000001010110
0000000001111100
0001111110101000
0000000100010100
0000010101111000
0000000000000000
0000000000000000
0000000000000000
0000000000000000
0000000000000000
0000000000000000
0000000000000000
0000000000000000
0000000000000000
0000000000000000
0000000000000000
0000000000000000
0000000000000000
0000000000000000
0000000000000000
0000000000000000
0000000000000000
0000000000000000
0000000000000000
0000000000000000
0000000000000000
0000000000000000
0000000000000000
0000000000000000
0000000000000000
0000000000000000
0000000000000000
0000000000000000
0000000000000000
0000000000000000
0000000000000000
0000000000000000
0000000000000000
0000000000000000
0000000000000000
0000000000000000
0000000000000000
0000000000000000
0000000000000000
0000000000000000
0000000000000000
0000000000000000
0000000000000000
0000000000000000
0000000000000000
0000000000000000
0000000000000000
0000000000000000
0000000000000000
0000000000000000
0000000000000000
0000000000000000
0000000000000000
0000000000000000
0000000000000000
0000000000000000
0000000000000000
0000000000000000
0000000000000000
0000000000000000
0000000000000000
0000000000000000
0000000000000000
0000000000000000
0000000000000000
0000000000000000
0000000000000000
0000000000000000
0000000000000000
0000000000000000
0000000000000000
0000000000000000
0000000000000000
0000000000000000
0000000000000000
0000000000000000
0000000000000000
0000000000000000
0000000000000000
0000000000000000
0000000000000000
0000000000000000
0000000000000000
0000000000000000
0000000000000000
0000000000000000
0000000000000000
0000000000000000
0000000000000000
0000000000000000
0000000000000000
0000000000000000
0000000000000000
0000000000000000
0000000000000000
0000000000000000
0000000000000000
0000000000000000
0000000000000000
0000000000000000
0000000000000000
0000000000000000
0000000000000000
0000000000000000
0000000000000000
0000000000000000
0000000000000000
0000000000000000
0000000000000000
0000000000000000
0000000000000000
0000000000000000
0000000000000000
0000000000000000
0000000000000000
0000000000000000
0000000000000000
0000000000000000
0000000000000000
0000000000000000
0000000000000000
0000000000000000
0000000000000000
